addi             001000 00000 00001 0000000000001010     0
            
addi             001000 00000 00010 0000000000010100    4

addi             001000 00000 00110 0000000000110010     8

                
sw              101011 00000 00001 0000000000000001     12
sw              101011 00000 00010 0000000000000010    16

lw            100011 00000 00011 0000000000000001     20
lw            100011 00000 00100 0000000000000010     24

add           000000 00011 00100 00101 00000 100000   28

             
sw            101011 00000 00101 0000000000000001     32


beq k         000100 00101 00110 fim            36

beq           000100 00000 00000 overflow  	40